index	max_degree	fail_node_degree	fail_neber_degree	fail_degree_sum	max_load	big_load_num	fail_load_sum	fail_num	first_round_fail	neber_fail_num	fail_round	subgraph_num	fail_node_load	load_change	load_change	degree_change	fail_neber_load	LCC
0,	94	67	10	113	45653	45	31081	12	12	3	1	13	26965	67491	218	708	468
1,	95	97	99	221	31067	42	60772	42	37	32	2	25	48759	153840	396	9917	421
2,	95	68	19	89	45262	44	27637	9	9	8	1	18	26629	67384	176	1002	466
3,	97	17	0	17	48716	47	4364	0	0	0	0	1	4364	6619	34	0	492
4,	95	32	17	51	45598	45	9386	6	6	5	1	10	7867	40786	96	1518	477
5,	90	84	95	200	41569	43	48930	34	34	25	1	18	39262	123375	368	8731	438
6,	96	42	0	42	48176	48	12900	0	0	0	0	4	12900	15988	84	0	489
7,	96	41	8	49	47938	46	21242	2	2	2	1	4	19221	31530	98	2021	484
8,	94	67	88	165	43860	41	47367	37	35	33	2	12	35760	110247	318	11369	444
9,	93	88	53	149	44755	43	41768	21	21	18	1	17	38191	89686	280	3468	454
10,	95	56	32	93	48014	46	28221	10	10	8	1	3	24660	44942	174	2936	480
11,	97	10	21	31	47833	44	7717	3	3	3	1	6	3393	44015	58	4324	478
12,	96	14	8	22	48937	48	4878	3	1	3	2	2	4046	5622	42	832	488
13,	96	17	0	17	48588	47	5298	0	0	0	0	1	5298	6857	34	0	492
14,	96	3	0	3	48367	48	0	0	0	0	0	1	0	1947	6	0	492
15,	96	17	2	19	48449	47	4338	1	1	1	1	2	4139	8549	38	199	490
16,	97	2	0	2	48667	48	0	0	0	0	0	1	0	1952	4	0	492
17,	97	15	7	24	48203	46	5731	3	3	2	1	4	5312	23462	48	220	486
18,	95	7	11	18	47207	48	2501	2	2	2	1	3	1247	12107	34	1254	488
19,	96	4	0	4	48362	48	53	0	0	0	0	1	53	2240	8	0	492
20,	97	2	0	2	48649	48	63	0	0	0	0	1	63	1991	4	0	492
21,	97	3	0	3	48663	48	760	0	0	0	0	1	760	2459	6	0	492
22,	97	2	0	2	48663	48	183	0	0	0	0	1	183	1873	4	0	492
23,	97	11	0	11	48875	48	1164	0	0	0	0	1	1164	3519	22	0	492
24,	96	13	3	16	47416	47	3620	1	1	1	1	3	3229	14849	32	391	488
25,	97	3	0	3	48678	48	65	0	0	0	0	1	65	1992	6	0	492
26,	95	21	10	31	47235	47	6163	3	3	3	1	4	4285	18936	58	1878	486
27,	97	2	0	2	48645	48	51	0	0	0	0	1	51	1855	4	0	492
28,	96	7	0	7	48389	49	622	0	0	0	0	1	622	2867	14	0	492
29,	96	13	0	13	48527	48	1358	0	0	0	0	1	1358	644	26	0	492
30,	96	7	2	9	48035	48	702	1	1	1	1	2	448	6592	18	254	490
31,	96	6	0	6	48477	48	225	0	0	0	0	1	225	2034	12	0	492
32,	96	12	2	14	48441	48	1444	1	1	1	1	1	1437	5445	28	7	491
33,	97	6	0	6	48698	48	287	0	0	0	0	1	287	2693	12	0	492
34,	97	12	2	14	48632	48	1549	1	1	1	1	2	1509	9924	28	40	490
35,	97	2	0	2	48666	48	389	0	0	0	0	1	389	1619	4	0	492
36,	96	13	2	15	47492	47	2095	1	1	1	1	3	2092	9744	30	3	489
37,	96	17	29	51	47688	46	15346	11	10	9	2	4	12645	35624	98	2547	478
38,	97	2	0	2	48645	48	152	0	0	0	0	1	152	1915	4	0	492
39,	97	2	0	2	48680	48	292	0	0	0	0	1	292	2083	4	0	492
40,	96	10	0	10	48267	48	726	0	0	0	0	2	726	4824	20	0	491
41,	96	8	4	12	48229	46	2826	1	1	1	1	2	2440	8315	24	386	490
42,	96	11	20	31	48197	47	4847	2	2	2	1	1	1842	4502	62	3005	490
43,	95	18	8	26	47397	48	8374	2	2	2	1	4	7113	22107	52	1261	485
44,	97	6	3	9	48655	48	1202	1	1	1	1	1	1153	4283	18	49	491
45,	97	5	0	5	48694	48	841	0	0	0	0	1	841	2381	10	0	492
46,	97	2	0	2	48649	48	0	0	0	0	0	1	0	1926	4	0	492
47,	96	3	0	3	48381	47	2345	0	0	0	0	1	2345	3840	6	0	492
48,	97	1	0	1	48645	48	0	0	0	0	0	1	0	1721	2	0	492
49,	97	1	0	1	48645	48	0	0	0	0	0	1	0	1721	2	0	492
50,	96	11	0	11	48526	47	2230	0	0	0	0	1	2230	4432	22	0	492
51,	97	1	0	1	48645	48	0	0	0	0	0	1	0	1721	2	0	492
52,	97	17	0	17	48467	47	4211	0	0	0	0	5	4211	14575	34	0	488
53,	97	14	0	14	48745	47	5477	0	0	0	0	1	5477	7352	28	0	492
54,	97	2	0	2	48645	48	0	0	0	0	0	1	0	1930	4	0	492
55,	97	2	0	2	48689	48	418	0	0	0	0	1	418	1657	4	0	492
56,	95	18	8	26	47389	48	8267	2	2	2	1	4	7871	18105	50	396	487
57,	97	5	0	5	48645	48	491	0	0	0	0	2	491	4555	10	0	491
58,	97	2	0	2	48645	48	287	0	0	0	0	1	287	2007	4	0	492
59,	96	2	0	2	48326	48	0	0	0	0	0	1	0	1754	4	0	492
60,	97	4	0	4	48725	48	1034	0	0	0	0	1	1034	2299	8	0	492
61,	96	4	0	4	48389	48	205	0	0	0	0	1	205	2090	8	0	492
62,	96	9	0	9	48492	48	443	0	0	0	0	1	443	2432	18	0	492
63,	96	3	0	3	47895	48	491	0	0	0	0	2	491	3993	6	0	491
64,	97	6	3	9	48457	48	1604	1	1	1	1	3	1380	10108	18	224	489
65,	97	2	0	2	48650	48	760	0	0	0	0	1	760	2296	4	0	492
66,	97	1	0	1	48645	48	0	0	0	0	0	1	0	1721	2	0	492
67,	97	1	0	1	48645	48	0	0	0	0	0	1	0	1721	2	0	492
68,	95	44	62	110	45221	39	22449	18	18	16	1	10	13275	103483	202	9044	462
69,	97	1	0	1	48652	47	0	0	0	0	0	1	0	4029	2	0	492
70,	97	4	0	4	48442	45	1087	0	0	0	0	3	1087	11517	8	0	490
71,	97	2	0	2	48672	48	88	0	0	0	0	1	88	2532	4	0	492
72,	97	6	4	12	48229	47	2003	2	2	1	1	4	1528	15913	24	354	487
73,	97	4	0	4	48661	47	354	0	0	0	0	1	354	3792	8	0	492
74,	97	1	0	1	48684	48	0	0	0	0	0	1	0	2254	2	0	492
75,	97	8	0	8	48384	47	4002	0	0	0	0	5	4002	12817	16	0	488
76,	97	2	0	2	48713	48	0	0	0	0	0	1	0	3017	4	0	492
77,	97	1	0	1	48636	48	0	0	0	0	0	1	0	1632	2	0	492
78,	96	1	0	1	48268	48	0	0	0	0	0	1	0	1612	2	0	492
79,	97	2	0	2	48651	47	71	0	0	0	0	1	71	4155	4	0	492
80,	97	3	0	3	48636	48	536	0	0	0	0	1	536	2492	6	0	492
81,	97	2	0	2	48713	48	0	0	0	0	0	1	0	3017	4	0	492
82,	97	2	0	2	48579	48	0	0	0	0	0	1	0	2318	4	0	492
83,	97	3	0	3	48637	48	340	0	0	0	0	1	340	1992	6	0	492
84,	97	10	9	19	48070	46	3256	3	3	3	1	3	2270	15083	32	986	487
85,	97	4	0	4	48677	47	257	0	0	0	0	1	257	3787	8	0	492
86,	97	2	0	2	48671	47	173	0	0	0	0	1	173	3522	4	0	492
87,	97	5	0	5	48416	48	1427	0	0	0	0	3	1427	6283	10	0	490
88,	97	1	0	1	48556	48	0	0	0	0	0	1	0	2427	2	0	492
89,	97	1	0	1	48651	47	0	0	0	0	0	1	0	3608	2	0	492
90,	95	28	2	30	48220	47	5025	1	1	1	1	2	4806	10906	60	219	490
91,	97	1	0	1	48702	48	0	0	0	0	0	1	0	2717	2	0	492
92,	97	3	0	3	48549	47	220	0	0	0	0	1	220	2900	6	0	492
93,	96	10	3	15	47839	47	2467	2	2	1	1	2	1990	7594	28	259	489
94,	97	1	0	1	48560	48	0	0	0	0	0	1	0	2384	2	0	492
95,	97	1	0	1	48636	48	0	0	0	0	0	1	0	1632	2	0	492
96,	97	1	0	1	48652	47	0	0	0	0	0	1	0	4029	2	0	492
97,	96	1	0	1	48268	48	0	0	0	0	0	1	0	1612	2	0	492
98,	97	2	0	2	48637	48	53	0	0	0	0	1	53	1885	4	0	492
99,	97	2	0	2	48651	48	76	0	0	0	0	1	76	1858	4	0	492
100,	97	2	0	2	48636	48	73	0	0	0	0	1	73	1778	4	0	492
101,	97	1	0	1	48649	48	0	0	0	0	0	1	0	1987	2	0	492
102,	97	3	0	3	48539	48	1075	0	0	0	0	2	1075	4067	6	0	491
103,	97	1	0	1	48636	48	0	0	0	0	0	1	0	1632	2	0	492
104,	96	3	0	3	48366	48	148	0	0	0	0	1	148	1779	6	0	492
105,	97	2	0	2	48401	48	3	0	0	0	0	1	3	2946	4	0	492
106,	97	2	0	2	48401	48	3	0	0	0	0	1	3	2946	4	0	492
107,	97	2	0	2	48583	48	13	0	0	0	0	1	13	2561	4	0	492
108,	97	3	0	3	48686	48	162	0	0	0	0	1	162	2904	6	0	492
109,	97	3	0	3	48694	48	468	0	0	0	0	1	468	2390	6	0	492
110,	97	2	0	2	48668	48	408	0	0	0	0	1	408	2225	4	0	492
111,	97	2	0	2	48653	47	144	0	0	0	0	1	144	3791	4	0	492
112,	97	1	0	1	48556	48	0	0	0	0	0	1	0	2427	2	0	492
113,	96	1	0	1	48268	48	0	0	0	0	0	1	0	1612	2	0	492
114,	96	3	0	5	48013	49	888	1	1	0	1	1	682	3907	10	0	491
115,	97	5	0	5	48608	48	778	0	0	0	0	1	778	4269	10	0	492
116,	97	3	0	3	48654	48	713	0	0	0	0	1	713	2531	6	0	492
117,	97	4	0	4	48684	48	216	0	0	0	0	1	216	2198	8	0	492
118,	97	2	0	2	48627	48	40	0	0	0	0	1	40	2307	4	0	492
119,	97	3	0	3	48677	46	98	0	0	0	0	1	98	3387	6	0	492
120,	97	3	0	3	48692	47	35	0	0	0	0	1	35	2948	6	0	492
121,	97	4	0	4	48700	48	1955	0	0	0	0	1	1955	2840	8	0	492
122,	96	2	0	2	48331	47	1913	0	0	0	0	1	1913	3385	4	0	492
123,	97	2	0	2	48672	48	88	0	0	0	0	1	88	2532	4	0	492
124,	97	3	0	3	48673	48	224	0	0	0	0	1	224	2743	6	0	492
125,	97	2	0	2	48563	48	4	0	0	0	0	1	4	2533	4	0	492
126,	97	5	0	5	48649	48	231	0	0	0	0	1	231	2552	10	0	492
127,	97	2	0	2	48651	48	422	0	0	0	0	1	422	2154	4	0	492
128,	97	2	0	2	48713	48	0	0	0	0	0	1	0	3017	4	0	492
129,	97	2	0	2	48635	48	1281	0	0	0	0	1	1281	3234	4	0	492
130,	97	6	0	6	48703	48	1816	0	0	0	0	1	1816	3117	12	0	492
131,	97	3	2	5	48487	47	165	1	1	1	1	1	150	6426	10	15	491
132,	97	5	0	5	48649	48	1226	0	0	0	0	1	1226	2363	10	0	492
133,	97	3	0	3	48640	48	32	0	0	0	0	1	32	1866	6	0	492
134,	97	3	5	8	48382	46	670	2	2	2	1	1	391	8841	16	279	490
135,	97	3	2	5	48468	48	1438	1	1	1	1	2	1303	7937	10	135	490
136,	97	2	0	2	48652	47	113	0	0	0	0	1	113	4511	4	0	492
137,	97	2	0	2	48658	48	1216	0	0	0	0	1	1216	2784	4	0	492
138,	97	2	0	2	48652	47	113	0	0	0	0	1	113	4511	4	0	492
139,	97	2	0	2	48519	48	102	0	0	0	0	1	102	2714	4	0	492
140,	97	2	0	2	48668	47	34	0	0	0	0	1	34	3677	4	0	492
141,	97	2	0	2	48673	47	98	0	0	0	0	1	98	3915	4	0	492
142,	97	2	0	2	48624	48	156	0	0	0	0	1	156	1856	4	0	492
143,	97	2	0	2	48668	47	34	0	0	0	0	1	34	3677	4	0	492
144,	97	2	0	2	48498	48	69	0	0	0	0	1	69	2543	4	0	492
145,	97	2	0	2	48642	48	777	0	0	0	0	1	777	2350	4	0	492
146,	97	3	0	3	48642	48	177	0	0	0	0	1	177	1988	6	0	492
147,	97	3	0	3	48506	47	160	0	0	0	0	1	160	2630	6	0	492
148,	97	3	0	3	48698	48	118	0	0	0	0	1	118	3111	6	0	492
149,	97	2	0	2	48432	48	154	0	0	0	0	1	154	2438	4	0	492
150,	96	4	2	6	47975	47	701	1	1	1	1	2	603	7683	12	98	490
151,	97	2	0	2	48554	47	277	0	0	0	0	1	277	2964	4	0	492
152,	97	2	0	2	48548	47	36	0	0	0	0	1	36	2688	4	0	492
153,	97	1	0	1	48548	47	0	0	0	0	0	1	0	2419	2	0	492
154,	97	1	0	1	48627	48	0	0	0	0	0	1	0	2056	2	0	492
155,	97	4	3	7	48626	46	525	1	1	1	1	1	427	6070	14	98	491
156,	97	2	0	2	48642	48	40	0	0	0	0	1	40	2394	4	0	492
157,	97	1	0	1	48602	47	0	0	0	0	0	1	0	2748	2	0	492
158,	97	6	0	6	48556	47	1887	0	0	0	0	2	1887	6310	12	0	491
159,	97	5	0	5	48709	49	1202	0	0	0	0	1	1202	1875	10	0	492
160,	96	3	0	3	48364	48	165	0	0	0	0	1	165	1798	6	0	492
161,	97	3	0	3	48657	47	259	0	0	0	0	1	259	2363	6	0	492
162,	97	2	0	2	48478	47	0	0	0	0	0	1	0	2539	4	0	492
163,	96	3	0	3	48297	48	175	0	0	0	0	1	175	1974	6	0	492
164,	97	1	0	1	48672	48	0	0	0	0	0	1	0	3204	2	0	492
165,	97	3	0	3	48585	47	496	0	0	0	0	2	496	5922	6	0	491
166,	97	1	0	1	48712	48	0	0	0	0	0	1	0	3116	2	0	492
167,	97	7	0	7	48430	46	2985	0	0	0	0	6	2985	21891	14	0	486
168,	97	3	2	5	48578	48	60	1	1	1	1	1	58	6471	10	2	491
169,	97	6	0	6	48666	48	1084	0	0	0	0	1	1084	4018	12	0	492
170,	97	8	2	10	48542	46	2633	1	1	1	1	2	2564	9427	20	69	490
171,	97	14	12	26	47482	47	4302	4	4	4	1	3	3330	22351	48	972	486
172,	96	11	2	13	48270	48	1120	1	1	1	1	1	937	4401	26	183	491
173,	97	3	0	3	48652	48	90	0	0	0	0	1	90	2089	6	0	492
174,	97	2	0	2	48473	48	491	0	0	0	0	2	491	4591	4	0	491
175,	95	21	20	45	45406	44	10402	8	2	6	2	2	7302	33034	80	2560	482
176,	96	16	19	35	46476	47	7050	5	5	5	1	3	6287	21185	68	763	485
177,	96	25	20	45	45251	45	13276	7	7	7	1	5	11729	42032	88	1547	480
178,	97	3	0	3	48351	47	1167	0	0	0	0	2	1167	8054	6	0	490
179,	97	6	0	12	48106	48	2310	2	2	0	1	2	1418	11508	22	0	489
180,	97	12	3	15	48570	47	3318	1	1	1	1	2	3269	9535	30	49	490
181,	97	7	0	7	48706	48	1100	0	0	0	0	1	1100	3324	14	0	492
182,	97	2	0	2	48617	48	33	0	0	0	0	1	33	2257	4	0	492
183,	96	10	3	13	48036	47	1397	1	1	1	1	2	1247	9509	26	150	490
184,	97	1	0	1	48636	48	0	0	0	0	0	1	0	1632	2	0	492
185,	97	1	0	1	48636	48	0	0	0	0	0	1	0	1632	2	0	492
186,	97	11	0	11	48690	48	1212	0	0	0	0	1	1212	3363	22	0	492
187,	97	3	0	3	48639	48	182	0	0	0	0	1	182	2068	6	0	492
188,	96	5	0	5	48465	48	346	0	0	0	0	1	346	1528	10	0	492
189,	97	2	0	2	48636	48	199	0	0	0	0	1	199	1846	4	0	492
190,	97	4	8	12	48208	48	1633	2	2	2	1	2	945	9130	22	688	489
191,	97	7	0	7	48794	47	2559	0	0	0	0	2	2559	5276	14	0	491
192,	96	7	0	9	48073	46	2695	1	1	0	1	2	2677	8934	18	0	490
193,	97	5	5	10	48863	47	1256	1	1	1	1	1	1052	5457	20	204	491
194,	97	2	0	2	48657	48	605	0	0	0	0	1	605	2334	4	0	492
195,	97	1	0	1	48636	48	0	0	0	0	0	1	0	1632	2	0	492
196,	97	1	0	1	48560	48	0	0	0	0	0	1	0	2384	2	0	492
197,	97	2	0	2	48644	47	21	0	0	0	0	1	21	2480	4	0	492
198,	97	1	0	1	48616	47	0	0	0	0	0	1	0	3324	2	0	492
199,	97	2	0	2	48473	46	491	0	0	0	0	2	491	6157	4	0	491
200,	97	1	0	1	48712	48	0	0	0	0	0	1	0	3605	2	0	492
201,	97	2	0	2	48665	48	491	0	0	0	0	2	491	6719	4	0	491
202,	97	1	0	1	48712	48	0	0	0	0	0	1	0	3116	2	0	492
203,	97	1	0	1	48712	48	0	0	0	0	0	1	0	3116	2	0	492
204,	97	4	0	4	48541	48	540	0	0	0	0	1	540	3038	8	0	492
205,	96	2	0	2	48029	48	666	0	0	0	0	1	666	2260	4	0	492
206,	97	5	0	5	48766	48	1474	0	0	0	0	1	1474	2222	10	0	492
207,	97	2	0	2	48672	48	222	0	0	0	0	1	222	2971	4	0	492
208,	97	3	0	3	48639	48	285	0	0	0	0	1	285	2072	6	0	492
209,	97	1	0	1	48702	48	0	0	0	0	0	1	0	2717	2	0	492
210,	97	2	0	2	48620	47	65	0	0	0	0	1	65	3085	4	0	492
211,	97	8	0	8	48423	47	2202	0	0	0	0	3	2202	11192	16	0	489
212,	97	5	0	5	48096	48	1179	0	0	0	0	2	1179	7644	10	0	491
213,	96	3	0	3	47292	48	981	0	0	0	0	3	981	5805	6	0	490
214,	96	2	0	2	48269	48	132	0	0	0	0	1	132	1789	4	0	492
215,	96	3	0	3	48387	48	0	0	0	0	0	1	0	1917	6	0	492
216,	96	2	0	2	48317	48	0	0	0	0	0	1	0	1867	4	0	492
217,	96	2	0	2	48317	48	0	0	0	0	0	1	0	1867	4	0	492
218,	96	6	2	8	47383	48	1344	1	1	1	1	2	1342	6983	16	2	490
219,	96	3	0	3	48279	48	128	0	0	0	0	1	128	2133	6	0	492
220,	96	2	0	2	48362	48	0	0	0	0	0	1	0	1577	4	0	492
221,	96	4	0	4	48278	48	1131	0	0	0	0	1	1131	2938	8	0	492
222,	96	4	3	7	47462	48	1464	1	1	1	1	2	1312	7399	14	152	490
223,	96	3	2	5	47759	48	702	1	1	1	1	2	475	6669	10	227	490
224,	96	1	0	1	48268	48	0	0	0	0	0	1	0	1612	2	0	492
225,	96	2	0	2	48348	48	0	0	0	0	0	1	0	1764	4	0	492
226,	96	2	0	2	48362	48	0	0	0	0	0	1	0	1577	4	0	492
227,	96	4	2	6	46970	46	1643	1	1	1	1	2	1366	6905	12	277	490
228,	96	2	0	2	48348	48	0	0	0	0	0	1	0	1764	4	0	492
229,	96	3	0	3	47967	48	491	0	0	0	0	2	491	3639	6	0	491
230,	96	2	0	2	47348	50	1218	0	0	0	0	1	1218	2709	4	0	492
231,	96	3	0	3	48270	48	230	0	0	0	0	1	230	2006	6	0	492
232,	96	1	0	1	48268	48	0	0	0	0	0	1	0	1612	2	0	492
233,	96	2	0	2	47779	48	491	0	0	0	0	2	491	3711	4	0	491
234,	96	2	0	2	48269	48	219	0	0	0	0	1	219	1843	4	0	492
235,	96	1	0	1	48268	48	0	0	0	0	0	1	0	1612	2	0	492
236,	96	3	0	3	48273	48	369	0	0	0	0	1	369	2151	6	0	492
237,	96	1	0	1	48268	48	0	0	0	0	0	1	0	1612	2	0	492
238,	96	5	3	8	47544	48	995	1	1	1	1	2	804	7697	14	191	490
239,	96	5	0	5	47997	48	1457	0	0	0	0	2	1457	5071	10	0	491
240,	96	3	0	3	48288	48	22	0	0	0	0	1	22	2071	6	0	492
241,	96	2	0	2	48299	48	0	0	0	0	0	1	0	1633	4	0	492
242,	96	2	0	2	48269	48	193	0	0	0	0	1	193	1845	4	0	492
243,	96	3	0	3	47292	48	981	0	0	0	0	3	981	5805	6	0	490
244,	96	3	0	3	48119	48	392	0	0	0	0	1	392	1661	6	0	492
245,	96	2	0	2	48362	48	0	0	0	0	0	1	0	1577	4	0	492
246,	96	1	0	1	48268	48	0	0	0	0	0	1	0	1612	2	0	492
247,	96	2	0	2	48278	48	0	0	0	0	0	1	0	1893	4	0	492
248,	96	1	0	1	48268	48	0	0	0	0	0	1	0	1612	2	0	492
249,	96	4	0	4	47793	48	495	0	0	0	0	2	495	4451	8	0	491
250,	96	5	0	5	48232	49	570	0	0	0	0	1	570	984	10	0	492
251,	96	3	0	3	47967	48	491	0	0	0	0	2	491	3639	6	0	491
252,	96	2	8	13	47201	48	1899	3	3	2	1	2	732	13696	22	1056	488
253,	96	1	0	1	48268	48	0	0	0	0	0	1	0	1612	2	0	492
254,	96	2	0	2	48311	48	0	0	0	0	0	1	0	1724	4	0	492
255,	96	5	0	5	48443	49	338	0	0	0	0	1	338	1928	10	0	492
256,	97	14	0	14	48654	48	1937	0	0	0	0	1	1937	4419	28	0	492
257,	97	2	0	2	48387	48	134	0	0	0	0	1	134	2496	4	0	492
258,	97	3	0	3	48683	48	846	0	0	0	0	1	846	2900	6	0	492
259,	97	3	0	3	48438	48	139	0	0	0	0	1	139	3210	6	0	492
260,	97	2	0	2	48569	48	57	0	0	0	0	1	57	2507	4	0	492
261,	97	8	0	8	48087	45	1162	0	0	0	0	3	1162	13124	16	0	490
262,	97	1	0	1	48386	48	0	0	0	0	0	1	0	2345	2	0	492
263,	97	3	0	3	47730	47	980	0	0	0	0	2	980	8854	6	0	490
264,	97	1	0	1	48712	48	0	0	0	0	0	1	0	3116	2	0	492
265,	97	2	0	2	48702	48	77	0	0	0	0	1	77	2350	4	0	492
266,	97	5	0	7	48367	47	1411	1	1	0	1	2	1393	8509	14	0	490
267,	97	5	0	5	48708	47	204	0	0	0	0	1	204	3363	10	0	492
268,	97	21	10	31	48052	47	3853	3	3	3	1	1	3686	14378	58	167	489
269,	97	2	0	2	48618	48	338	0	0	0	0	1	338	2869	4	0	492
270,	97	3	0	3	48285	48	6	0	0	0	0	1	6	3296	6	0	492
271,	97	7	2	9	48434	48	582	1	1	1	1	1	580	8026	18	2	491
272,	97	2	0	2	48281	48	2	0	0	0	0	1	2	2457	4	0	492
273,	97	2	0	2	48645	48	2	0	0	0	0	1	2	3335	4	0	492
274,	97	2	0	2	48643	48	0	0	0	0	0	1	0	3000	4	0	492
275,	97	2	0	2	48632	48	69	0	0	0	0	1	69	3018	4	0	492
276,	97	4	0	4	48647	48	728	0	0	0	0	1	728	2693	8	0	492
277,	97	4	0	4	48483	48	386	0	0	0	0	1	386	2872	8	0	492
278,	97	1	0	1	48390	48	0	0	0	0	0	1	0	3486	2	0	492
279,	97	3	0	3	48662	48	56	0	0	0	0	1	56	3231	6	0	492
280,	97	2	0	2	48448	48	81	0	0	0	0	1	81	3009	4	0	492
281,	97	2	0	2	48515	48	199	0	0	0	0	1	199	2897	4	0	492
282,	97	1	0	1	48684	48	0	0	0	0	0	1	0	2254	2	0	492
283,	97	2	0	2	48656	48	50	0	0	0	0	1	50	1925	4	0	492
284,	97	2	0	2	48565	47	38	0	0	0	0	1	38	2762	4	0	492
285,	97	2	0	2	48678	48	0	0	0	0	0	1	0	1709	4	0	492
286,	97	3	0	3	48695	48	0	0	0	0	0	1	0	1830	6	0	492
287,	97	1	0	1	48638	48	0	0	0	0	0	1	0	1678	2	0	492
288,	97	2	0	2	48638	48	128	0	0	0	0	1	128	1875	4	0	492
289,	97	1	0	1	48638	48	0	0	0	0	0	1	0	1678	2	0	492
290,	97	3	0	3	48676	48	192	0	0	0	0	1	192	1936	6	0	492
291,	97	3	0	3	48642	48	691	0	0	0	0	1	691	2356	6	0	492
292,	97	2	0	2	48676	48	0	0	0	0	0	1	0	1704	4	0	492
293,	97	2	0	2	48676	48	0	0	0	0	0	1	0	1704	4	0	492
294,	97	2	0	2	48640	48	51	0	0	0	0	1	51	1873	4	0	492
295,	97	2	0	2	48681	48	254	0	0	0	0	1	254	1802	4	0	492
296,	97	2	0	2	48638	48	52	0	0	0	0	1	52	1918	4	0	492
297,	97	2	0	2	48639	48	93	0	0	0	0	1	93	1888	4	0	492
298,	97	1	0	1	48638	48	0	0	0	0	0	1	0	1678	2	0	492
299,	97	1	0	1	48638	48	0	0	0	0	0	1	0	1678	2	0	492
300,	97	3	0	3	48519	48	582	0	0	0	0	2	582	4174	6	0	491
301,	97	4	0	4	48641	48	340	0	0	0	0	1	340	2301	8	0	492
302,	97	5	7	14	47989	45	3915	3	3	2	1	2	2166	19267	24	1731	486
303,	97	2	0	2	48794	48	824	0	0	0	0	1	824	1175	4	0	492
304,	97	1	0	1	48638	48	0	0	0	0	0	1	0	1678	2	0	492
305,	97	3	0	5	48525	49	532	1	1	0	1	1	358	3521	10	0	491
306,	97	2	0	2	48661	48	631	0	0	0	0	1	631	2369	4	0	492
307,	97	2	0	2	48678	48	0	0	0	0	0	1	0	1709	4	0	492
308,	97	2	0	2	48638	48	0	0	0	0	0	1	0	2002	4	0	492
309,	97	4	0	4	48403	47	82	0	0	0	0	1	82	3745	8	0	492
310,	97	6	0	6	48512	49	462	0	0	0	0	1	462	3982	12	0	492
311,	97	2	0	2	48687	48	105	0	0	0	0	1	105	2514	4	0	492
312,	97	1	0	1	48534	47	0	0	0	0	0	1	0	4469	2	0	492
313,	97	1	0	1	48534	47	0	0	0	0	0	1	0	4469	2	0	492
314,	97	1	0	1	48664	47	0	0	0	0	0	1	0	2989	2	0	492
315,	97	4	0	4	48558	47	1394	0	0	0	0	3	1394	8856	8	0	490
316,	97	1	0	1	48561	48	0	0	0	0	0	1	0	2318	2	0	492
317,	97	1	0	1	48561	48	0	0	0	0	0	1	0	2318	2	0	492
318,	97	1	0	1	48561	48	0	0	0	0	0	1	0	2318	2	0	492
319,	97	1	0	1	48561	48	0	0	0	0	0	1	0	2318	2	0	492
320,	97	1	0	1	48561	48	0	0	0	0	0	1	0	2318	2	0	492
321,	97	2	0	2	48570	48	174	0	0	0	0	1	174	2502	4	0	492
322,	97	2	0	2	48577	48	227	0	0	0	0	1	227	2663	4	0	492
323,	97	2	0	2	48366	48	1	0	0	0	0	1	1	2595	4	0	492
324,	97	1	0	1	48702	48	0	0	0	0	0	1	0	2717	2	0	492
325,	97	2	0	2	48073	47	491	0	0	0	0	2	491	6393	4	0	491
326,	97	2	0	2	48605	48	226	0	0	0	0	1	226	2590	4	0	492
327,	97	1	0	1	48561	48	0	0	0	0	0	1	0	2318	2	0	492
328,	97	2	0	2	48556	48	39	0	0	0	0	1	39	2394	4	0	492
329,	97	2	0	2	48683	47	18	0	0	0	0	1	18	3340	4	0	492
330,	97	1	0	1	48664	47	0	0	0	0	0	1	0	2989	2	0	492
331,	97	1	0	1	48605	48	0	0	0	0	0	1	0	1923	2	0	492
332,	97	1	0	1	48605	48	0	0	0	0	0	1	0	1923	2	0	492
333,	97	1	0	1	48605	48	0	0	0	0	0	1	0	1923	2	0	492
334,	97	2	0	2	48487	47	491	0	0	0	0	2	491	5735	4	0	491
335,	97	3	0	3	48556	48	242	0	0	0	0	1	242	3126	6	0	492
336,	97	5	0	5	48438	47	165	0	0	0	0	1	165	4387	10	0	492
337,	97	5	0	5	48294	47	653	0	0	0	0	2	653	7486	10	0	491
338,	97	2	0	2	48571	48	48	0	0	0	0	1	48	2527	4	0	492
339,	97	3	0	3	48487	48	38	0	0	0	0	1	38	3151	6	0	492
340,	97	1	0	1	48363	48	0	0	0	0	0	1	0	2065	2	0	492
341,	97	2	0	2	48688	48	121	0	0	0	0	1	121	2737	4	0	492
342,	97	3	0	3	48653	48	375	0	0	0	0	1	375	2332	6	0	492
343,	97	1	0	1	48639	48	0	0	0	0	0	1	0	2207	2	0	492
344,	97	1	0	1	48639	48	0	0	0	0	0	1	0	2207	2	0	492
345,	97	3	0	3	48608	48	49	0	0	0	0	1	49	2203	6	0	492
346,	97	4	0	4	48525	47	68	0	0	0	0	1	68	2899	8	0	492
347,	97	4	0	4	48683	47	106	0	0	0	0	1	106	4190	8	0	492
348,	97	6	0	6	48279	47	1028	0	0	0	0	3	1028	7677	12	0	490
349,	97	1	0	1	48637	47	0	0	0	0	0	1	0	2756	2	0	492
350,	97	2	0	2	48641	47	9	0	0	0	0	1	9	2774	4	0	492
351,	97	2	0	2	48567	48	504	0	0	0	0	1	504	3345	4	0	492
352,	97	2	0	2	48497	48	36	0	0	0	0	1	36	3879	4	0	492
353,	97	1	0	1	48616	48	0	0	0	0	0	1	0	2541	2	0	492
354,	97	1	0	1	48639	48	0	0	0	0	0	1	0	2287	2	0	492
355,	97	1	0	1	48643	48	0	0	0	0	0	1	0	2499	2	0	492
356,	97	5	0	5	48530	48	1162	0	0	0	0	2	1162	5186	10	0	491
357,	97	3	0	3	48540	48	45	0	0	0	0	1	45	2870	6	0	492
358,	97	3	0	3	48337	49	589	0	0	0	0	1	589	2052	6	0	492
359,	97	2	0	2	48519	48	0	0	0	0	0	1	0	3275	4	0	492
360,	97	2	0	2	48280	47	3	0	0	0	0	1	3	2645	4	0	492
361,	97	2	0	2	48597	48	28	0	0	0	0	1	28	2523	4	0	492
362,	97	2	0	2	48541	48	15	0	0	0	0	1	15	3150	4	0	492
363,	97	2	0	2	48563	48	4	0	0	0	0	1	4	2923	4	0	492
364,	97	2	0	2	48650	48	0	0	0	0	0	1	0	2125	4	0	492
365,	97	2	0	2	48650	48	0	0	0	0	0	1	0	2125	4	0	492
366,	97	3	0	3	48656	48	47	0	0	0	0	1	47	2157	6	0	492
367,	97	2	0	2	48654	48	0	0	0	0	0	1	0	1974	4	0	492
368,	97	2	0	2	48557	48	24	0	0	0	0	1	24	2610	4	0	492
369,	97	2	0	2	48580	48	206	0	0	0	0	1	206	2652	4	0	492
370,	97	3	0	3	48663	48	278	0	0	0	0	1	278	3292	6	0	492
371,	97	3	0	3	48519	48	111	0	0	0	0	1	111	4703	6	0	492
372,	97	3	0	3	48599	48	503	0	0	0	0	2	503	5348	6	0	491
373,	97	1	0	1	48679	48	0	0	0	0	0	1	0	2909	2	0	492
374,	97	3	0	3	48563	48	498	0	0	0	0	1	498	3525	6	0	492
375,	97	1	0	1	48616	47	0	0	0	0	0	1	0	2835	2	0	492
376,	97	2	0	2	48458	48	4	0	0	0	0	1	4	3285	4	0	492
377,	97	4	2	6	48506	48	1468	1	1	1	1	2	1246	8658	12	222	490
378,	97	2	0	2	48322	48	6	0	0	0	0	1	6	2658	4	0	492
379,	97	2	0	2	48322	48	6	0	0	0	0	1	6	2658	4	0	492
380,	97	1	0	1	48416	47	0	0	0	0	0	1	0	3442	2	0	492
381,	97	3	0	3	48512	48	20	0	0	0	0	1	20	3055	6	0	492
382,	96	2	23	25	47482	48	3862	5	5	5	1	2	1095	20589	42	2767	485
383,	97	4	0	4	48691	48	860	0	0	0	0	1	860	1967	8	0	492
384,	97	3	0	3	48687	48	396	0	0	0	0	1	396	2060	6	0	492
385,	97	4	0	4	48701	48	632	0	0	0	0	1	632	2846	8	0	492
386,	97	2	0	2	48639	48	0	0	0	0	0	1	0	1922	4	0	492
387,	97	2	0	2	48643	48	7	0	0	0	0	1	7	2024	4	0	492
388,	97	1	0	1	48432	48	0	0	0	0	0	1	0	2140	2	0	492
389,	97	1	0	1	48706	48	0	0	0	0	0	1	0	2817	2	0	492
390,	97	2	0	2	48534	48	17	0	0	0	0	1	17	2492	4	0	492
391,	97	2	0	2	48566	48	90	0	0	0	0	1	90	2577	4	0	492
392,	97	3	0	3	48309	48	508	0	0	0	0	2	508	5452	6	0	491
393,	97	3	0	3	48567	48	134	0	0	0	0	1	134	2810	6	0	492
394,	97	2	0	2	48289	48	491	0	0	0	0	2	491	5199	4	0	491
395,	97	3	0	3	48480	48	191	0	0	0	0	1	191	3056	6	0	492
396,	97	2	0	2	48608	48	71	0	0	0	0	1	71	2366	4	0	492
397,	97	1	0	1	48431	48	0	0	0	0	0	1	0	2296	2	0	492
398,	97	2	0	2	48103	48	491	0	0	0	0	2	491	5079	4	0	491
399,	97	4	2	6	48136	48	1181	1	1	1	1	2	866	9165	12	315	490
400,	97	3	0	3	48445	48	891	0	0	0	0	2	891	5315	6	0	491
401,	97	2	0	2	48432	48	0	0	0	0	0	1	0	2494	4	0	492
402,	97	1	0	1	48526	48	0	0	0	0	0	1	0	3865	2	0	492
403,	97	2	0	2	48324	48	0	0	0	0	0	1	0	2716	4	0	492
404,	97	4	0	4	48708	48	371	0	0	0	0	1	371	3939	8	0	492
405,	97	2	0	2	48660	48	0	0	0	0	0	1	0	3296	4	0	492
406,	97	4	0	4	48705	48	81	0	0	0	0	1	81	3792	8	0	492
407,	97	1	0	1	48623	47	0	0	0	0	0	1	0	3113	2	0	492
408,	97	6	0	6	48643	49	1068	0	0	0	0	1	1068	2696	12	0	492
409,	97	2	0	2	48481	48	26	0	0	0	0	1	26	3757	4	0	492
410,	97	2	0	2	48680	48	134	0	0	0	0	1	134	2624	4	0	492
411,	97	3	0	3	48955	48	1759	0	0	0	0	1	1759	3786	6	0	492
412,	97	3	0	3	48524	48	13	0	0	0	0	1	13	2793	6	0	492
413,	97	1	0	1	48269	48	0	0	0	0	0	1	0	2101	2	0	492
414,	97	1	0	1	48327	48	0	0	0	0	0	1	0	2242	2	0	492
415,	97	1	0	1	48513	48	0	0	0	0	0	1	0	2540	2	0	492
416,	97	1	0	1	48702	48	0	0	0	0	0	1	0	2523	2	0	492
417,	97	1	0	1	48651	48	0	0	0	0	0	1	0	1712	2	0	492
418,	97	2	0	2	48678	48	0	0	0	0	0	1	0	1874	4	0	492
419,	97	2	0	2	48678	48	0	0	0	0	0	1	0	1874	4	0	492
420,	97	2	0	2	48678	48	0	0	0	0	0	1	0	1874	4	0	492
421,	97	1	0	1	48651	48	0	0	0	0	0	1	0	1712	2	0	492
422,	97	2	0	2	48678	48	0	0	0	0	0	1	0	1874	4	0	492
423,	97	2	0	2	48678	48	0	0	0	0	0	1	0	1874	4	0	492
424,	97	1	0	1	48651	48	0	0	0	0	0	1	0	1712	2	0	492
425,	97	1	0	1	48651	48	0	0	0	0	0	1	0	1712	2	0	492
426,	97	1	0	1	48651	48	0	0	0	0	0	1	0	1712	2	0	492
427,	97	1	0	1	48651	48	0	0	0	0	0	1	0	1712	2	0	492
428,	97	1	0	1	48651	48	0	0	0	0	0	1	0	1712	2	0	492
429,	97	2	0	2	48653	48	41	0	0	0	0	1	41	1897	4	0	492
430,	97	2	0	2	48653	48	41	0	0	0	0	1	41	1897	4	0	492
431,	97	2	0	2	48652	48	79	0	0	0	0	1	79	1895	4	0	492
432,	97	4	0	4	48544	48	858	0	0	0	0	2	858	4301	8	0	491
433,	97	3	0	3	48679	48	136	0	0	0	0	1	136	2075	6	0	492
434,	97	1	0	1	48651	48	0	0	0	0	0	1	0	1712	2	0	492
435,	97	2	0	2	48655	48	218	0	0	0	0	1	218	1780	4	0	492
436,	97	1	0	1	48651	48	0	0	0	0	0	1	0	1712	2	0	492
437,	97	1	0	1	48270	48	0	0	0	0	0	1	0	2099	2	0	492
438,	97	3	0	3	48426	48	152	0	0	0	0	1	152	2888	6	0	492
439,	97	1	0	1	48450	48	0	0	0	0	0	1	0	2647	2	0	492
440,	97	1	0	1	48363	48	0	0	0	0	0	1	0	2065	2	0	492
441,	97	1	0	1	48687	48	0	0	0	0	0	1	0	2511	2	0	492
442,	97	2	0	2	48549	48	15	0	0	0	0	1	15	2641	4	0	492
443,	97	1	0	1	48684	48	0	0	0	0	0	1	0	2254	2	0	492
444,	97	2	0	2	48709	48	37	0	0	0	0	1	37	2972	4	0	492
445,	97	2	0	2	48704	48	152	0	0	0	0	1	152	3133	4	0	492
446,	97	1	0	1	48703	48	0	0	0	0	0	1	0	2855	2	0	492
447,	97	1	0	1	48684	48	0	0	0	0	0	1	0	2254	2	0	492
448,	97	2	0	2	48656	48	92	0	0	0	0	1	92	2190	4	0	492
449,	97	1	0	1	48539	48	0	0	0	0	0	1	0	2451	2	0	492
450,	97	3	0	3	48571	48	495	0	0	0	0	1	495	4142	6	0	492
451,	97	3	0	3	47545	48	984	0	0	0	0	2	984	9165	6	0	490
452,	97	2	0	2	47949	48	491	0	0	0	0	2	491	6597	4	0	491
453,	97	2	0	2	48647	48	6	0	0	0	0	1	6	3022	4	0	492
454,	97	2	0	2	48555	48	45	0	0	0	0	1	45	2378	4	0	492
455,	97	1	0	1	48524	48	0	0	0	0	0	1	0	2845	2	0	492
456,	97	2	0	2	48679	48	315	0	0	0	0	1	315	3080	4	0	492
457,	97	1	0	1	48677	48	0	0	0	0	0	1	0	2271	2	0	492
458,	97	1	0	1	48534	48	0	0	0	0	0	1	0	2963	2	0	492
459,	97	1	0	1	48598	48	0	0	0	0	0	1	0	2703	2	0	492
460,	97	1	0	1	48598	48	0	0	0	0	0	1	0	2703	2	0	492
461,	97	2	0	2	48627	48	72	0	0	0	0	1	72	2253	4	0	492
462,	97	3	0	3	48569	48	50	0	0	0	0	1	50	4587	6	0	492
463,	97	2	0	2	48637	48	97	0	0	0	0	1	97	2308	4	0	492
464,	97	2	0	2	48702	48	135	0	0	0	0	1	135	3534	4	0	492
465,	97	1	0	1	48702	48	0	0	0	0	0	1	0	2717	2	0	492
466,	97	2	0	2	48479	48	1	0	0	0	0	1	1	2766	4	0	492
467,	97	1	0	1	48420	48	0	0	0	0	0	1	0	2214	2	0	492
468,	97	2	0	2	48297	48	270	0	0	0	0	1	270	2627	4	0	492
469,	97	1	0	1	48627	48	0	0	0	0	0	1	0	2056	2	0	492
470,	97	1	0	1	48627	48	0	0	0	0	0	1	0	2056	2	0	492
471,	97	1	0	1	48627	48	0	0	0	0	0	1	0	2056	2	0	492
472,	97	1	0	1	48651	48	0	0	0	0	0	1	0	2213	2	0	492
473,	97	2	0	2	48633	48	199	0	0	0	0	1	199	2173	4	0	492
474,	97	2	0	2	48627	48	44	0	0	0	0	1	44	2288	4	0	492
475,	97	1	0	1	48431	48	0	0	0	0	0	1	0	2785	2	0	492
476,	97	1	0	1	48602	48	0	0	0	0	0	1	0	2703	2	0	492
477,	97	1	0	1	48627	48	0	0	0	0	0	1	0	2056	2	0	492
478,	97	1	0	1	48627	48	0	0	0	0	0	1	0	2056	2	0	492
479,	97	2	0	2	48628	48	48	0	0	0	0	1	48	2233	4	0	492
480,	97	1	0	1	48627	48	0	0	0	0	0	1	0	2056	2	0	492
481,	97	1	0	1	48627	48	0	0	0	0	0	1	0	2056	2	0	492
482,	97	1	0	1	48627	48	0	0	0	0	0	1	0	2056	2	0	492
483,	97	1	0	1	48627	48	0	0	0	0	0	1	0	2056	2	0	492
484,	97	1	0	1	48627	48	0	0	0	0	0	1	0	2056	2	0	492
485,	97	1	0	1	48270	48	0	0	0	0	0	1	0	2099	2	0	492
486,	97	1	0	1	48276	48	0	0	0	0	0	1	0	2469	2	0	492
487,	97	3	0	3	48521	48	619	0	0	0	0	2	619	5137	6	0	491
488,	97	1	0	1	48640	48	0	0	0	0	0	1	0	2689	2	0	492
489,	97	1	0	1	48354	48	0	0	0	0	0	1	0	3544	2	0	492
490,	97	1	0	1	48378	48	0	0	0	0	0	1	0	2298	2	0	492
491,	97	1	0	1	48270	48	0	0	0	0	0	1	0	2099	2	0	492
492,	97	1	0	1	48270	48	0	0	0	0	0	1	0	2099	2	0	492
