index	max_degree	fail_node_degree	fail_neber_degree	fail_degree_sum	max_load	big_load_num	fail_load_sum	fail_num	first_round_fail	neber_fail_num	fail_round	subgraph_num	fail_node_load	load_change	load_change	degree_change	fail_neber_load	LCC
0,	48	48	61	194	21980	26	38785	56	50	25	2	9	24659	119225	368	4505	334
1,	47	49	108	190	20674	26	37458	58	55	42	2	9	27019	120539	360	7721	333
2,	49	49	64	144	23069	31	32360	38	37	26	2	9	24456	88025	276	4824	352
3,	42	41	156	225	18647	19	43667	74	71	62	3	8	26999	147875	418	13339	316
4,	47	30	75	119	23321	31	24924	33	29	27	3	8	16972	78035	224	6663	359
5,	49	28	24	56	26952	39	15145	12	10	10	2	2	12744	28633	108	2316	386
6,	49	18	3	28	27345	38	6993	4	4	1	1	2	6473	17021	54	177	394
7,	49	13	19	34	26997	37	6348	8	8	7	1	2	4866	22133	64	1314	390
8,	49	31	38	76	26622	33	19139	20	20	17	1	3	15734	44530	148	2779	377
9,	49	4	2	8	26791	38	2044	2	1	1	2	1	1643	5764	16	67	397
10,	49	7	3	10	27109	40	2124	1	1	1	1	2	1828	5073	20	296	397
11,	49	3	0	3	26728	38	106	0	0	0	0	1	106	1494	6	0	399
12,	49	4	3	7	26812	37	1463	1	1	1	1	2	1212	6551	14	251	397
13,	49	20	8	28	27448	38	7602	3	3	3	1	2	7152	14334	56	450	395
14,	49	8	5	13	26689	38	2752	2	2	2	1	2	2466	8611	26	286	396
15,	49	13	0	21	27154	40	4674	3	3	0	1	2	4140	11140	40	0	395
16,	49	7	0	9	27291	38	2772	1	1	0	1	1	2666	5487	18	0	398
17,	48	6	3	9	26813	38	1719	1	1	1	1	2	1387	5918	18	332	397
18,	49	9	6	15	27249	37	3474	3	3	3	1	1	3233	9126	30	241	396
19,	49	2	0	2	26988	39	0	0	0	0	0	1	0	1816	4	0	399
20,	49	7	0	9	27057	37	2184	1	1	0	1	1	2096	3852	18	0	398
21,	49	9	3	17	27113	38	3635	3	3	1	1	2	3140	10153	34	218	395
22,	49	7	3	10	27007	38	2604	1	1	1	1	2	2363	6638	20	241	397
23,	48	15	7	22	27584	36	6013	3	2	3	2	1	5426	10458	44	587	396
24,	49	7	0	7	27043	39	2585	0	0	0	0	1	2585	3964	14	0	399
25,	49	7	3	10	26844	38	1622	1	1	1	1	2	1400	6253	20	222	397
26,	49	4	0	4	26893	40	585	0	0	0	0	1	585	2372	8	0	399
27,	49	8	0	8	27366	39	2095	0	0	0	0	1	2095	2958	16	0	399
28,	49	8	5	13	25990	37	3690	2	2	2	1	2	3403	8547	26	287	396
29,	49	11	8	23	26520	34	4206	4	4	3	1	3	3322	15334	42	538	393
30,	49	5	0	5	27044	39	1271	0	0	0	0	1	1271	2413	10	0	399
31,	49	10	8	18	26821	36	3992	3	3	3	1	3	3384	12728	36	608	394
32,	49	3	0	3	26953	39	343	0	0	0	0	1	343	1818	6	0	399
33,	49	6	0	6	27053	40	685	0	0	0	0	1	685	1583	12	0	399
34,	49	9	4	13	26690	36	4377	2	2	2	1	1	4037	6281	26	340	397
35,	49	7	0	7	27186	39	2657	0	0	0	0	1	2657	3262	14	0	399
36,	49	6	6	12	26301	37	2053	2	2	2	1	3	1817	10867	22	236	395
37,	49	6	0	6	27187	40	943	0	0	0	0	1	943	2434	12	0	399
38,	49	7	2	9	27168	37	1978	1	1	1	1	1	1844	4701	18	134	398
39,	48	5	0	5	27043	39	1308	0	0	0	0	1	1308	1308	10	0	399
40,	49	4	0	4	27055	38	781	0	0	0	0	1	781	2718	8	0	399
41,	49	11	6	19	26968	38	3667	4	4	3	1	1	3305	13092	38	259	395
42,	49	2	0	2	26930	39	489	0	0	0	0	1	489	1874	4	0	399
43,	49	4	0	4	26967	39	431	0	0	0	0	1	431	1967	8	0	399
44,	49	5	6	11	26859	38	1568	2	2	2	1	2	1165	9452	20	403	396
45,	49	4	0	4	27009	38	491	0	0	0	0	1	491	2428	8	0	399
46,	49	8	6	16	26759	36	3184	3	3	2	1	2	2631	9572	30	515	395
47,	49	9	0	11	27205	39	3482	1	1	0	1	1	3343	4142	22	0	398
48,	49	6	0	6	26976	38	1572	0	0	0	0	1	1572	2796	12	0	399
49,	49	10	11	21	26820	36	3427	4	4	4	1	2	2622	13870	40	805	394
50,	49	10	2	12	26958	37	2414	1	1	1	1	1	2078	5386	24	336	398
51,	49	4	0	4	26974	39	844	0	0	0	0	1	844	2081	8	0	399
52,	49	6	0	8	26572	37	1850	1	1	0	1	1	1738	4701	16	0	398
53,	49	2	0	2	26976	39	157	0	0	0	0	1	157	2281	4	0	399
54,	49	2	0	2	26915	39	0	0	0	0	0	1	0	1496	4	0	399
55,	49	6	7	13	26495	36	2388	2	2	2	1	2	1825	9586	26	563	396
56,	49	5	0	5	26962	39	1265	0	0	0	0	1	1265	2894	10	0	399
57,	49	3	0	3	26974	39	375	0	0	0	0	1	375	1660	6	0	399
58,	49	7	2	11	26832	37	2288	2	2	1	1	1	2058	6702	22	119	397
59,	49	2	0	2	26929	39	15	0	0	0	0	1	15	2196	4	0	399
60,	49	2	0	2	26911	39	205	0	0	0	0	1	205	1784	4	0	399
61,	49	8	0	8	27082	39	1388	0	0	0	0	1	1388	5112	16	0	399
62,	49	5	0	5	27021	38	831	0	0	0	0	1	831	2547	10	0	399
63,	49	9	0	9	27148	38	1966	0	0	0	0	1	1966	4480	18	0	399
64,	49	2	0	2	26973	39	474	0	0	0	0	1	474	1789	4	0	399
65,	49	8	0	8	27278	40	1683	0	0	0	0	1	1683	2271	16	0	399
66,	49	9	5	14	26922	38	2029	2	2	2	1	2	1634	10223	28	395	396
67,	49	4	3	7	26888	38	1547	1	1	1	1	2	1259	5818	14	288	397
68,	49	2	0	2	26933	38	0	0	0	0	0	1	0	1530	4	0	399
69,	49	5	0	5	27033	39	491	0	0	0	0	1	491	2291	10	0	399
70,	49	3	0	5	26964	39	366	1	1	0	1	1	306	3641	10	0	398
71,	49	8	3	11	27015	37	2499	1	1	1	1	2	2257	6499	22	242	397
72,	49	4	0	4	27042	38	547	0	0	0	0	1	547	2590	8	0	399
73,	49	5	0	5	27145	40	1042	0	0	0	0	1	1042	1112	10	0	399
74,	49	2	0	2	26903	39	282	0	0	0	0	1	282	1752	4	0	399
75,	49	3	0	3	26980	39	326	0	0	0	0	1	326	2320	6	0	399
76,	49	2	0	2	26895	39	0	0	0	0	0	1	0	1387	4	0	399
77,	49	3	0	3	26832	38	222	0	0	0	0	1	222	2242	6	0	399
78,	49	3	0	3	27023	40	555	0	0	0	0	1	555	1348	6	0	399
79,	49	9	3	12	26818	37	1994	1	1	1	1	2	1733	7885	24	261	397
80,	49	2	0	2	26917	38	181	0	0	0	0	1	181	1667	4	0	399
81,	49	7	0	7	26977	39	1181	0	0	0	0	1	1181	2663	14	0	399
82,	49	5	0	7	27050	40	1160	1	1	0	1	1	1122	3580	14	0	398
83,	49	6	0	6	27082	38	1249	0	0	0	0	1	1249	2107	12	0	399
84,	48	2	0	2	26929	39	0	0	0	0	0	1	0	1446	4	0	399
85,	48	3	0	3	27087	40	323	0	0	0	0	1	323	1603	6	0	399
86,	49	3	0	3	26981	39	328	0	0	0	0	1	328	2567	6	0	399
87,	49	3	0	3	27017	39	287	0	0	0	0	1	287	1930	6	0	399
88,	49	3	0	3	26821	39	250	0	0	0	0	1	250	2276	6	0	399
89,	49	4	0	4	26972	39	602	0	0	0	0	1	602	2800	8	0	399
90,	49	5	0	5	26924	39	489	0	0	0	0	1	489	2450	10	0	399
91,	49	3	0	3	26941	39	613	0	0	0	0	1	613	2105	6	0	399
92,	49	4	0	4	26976	40	555	0	0	0	0	1	555	2504	8	0	399
93,	49	5	2	11	26808	39	1607	2	2	1	1	2	1060	7736	20	224	396
94,	49	6	0	6	27046	39	1282	0	0	0	0	1	1282	2836	12	0	399
95,	49	3	0	3	26969	39	441	0	0	0	0	1	441	1742	6	0	399
96,	49	6	3	9	26893	38	1771	1	1	1	1	1	1685	4521	18	86	398
97,	49	4	0	4	27032	39	1300	0	0	0	0	1	1300	2097	8	0	399
98,	49	4	0	4	26949	38	239	0	0	0	0	1	239	2555	8	0	399
99,	49	2	0	2	26970	39	102	0	0	0	0	1	102	3368	4	0	399
100,	49	6	0	6	27013	38	2005	0	0	0	0	1	2005	3417	12	0	399
101,	49	3	0	3	27003	38	332	0	0	0	0	1	332	2673	6	0	399
102,	49	3	0	3	26913	39	392	0	0	0	0	1	392	1921	6	0	399
103,	49	3	0	3	26952	39	133	0	0	0	0	1	133	2325	6	0	399
104,	49	3	0	3	26960	39	95	0	0	0	0	1	95	2264	6	0	399
105,	49	2	0	2	26981	39	177	0	0	0	0	1	177	2206	4	0	399
106,	49	4	0	4	26983	38	481	0	0	0	0	1	481	2786	8	0	399
107,	49	3	0	3	26853	39	209	0	0	0	0	1	209	2081	6	0	399
108,	49	4	0	4	27006	38	530	0	0	0	0	1	530	2724	8	0	399
109,	49	6	0	6	27018	40	606	0	0	0	0	1	606	2809	12	0	399
110,	49	4	0	4	26979	39	753	0	0	0	0	1	753	2013	8	0	399
111,	49	2	0	2	26967	39	199	0	0	0	0	1	199	1522	4	0	399
112,	49	2	0	2	26947	39	0	0	0	0	0	1	0	1409	4	0	399
113,	49	5	0	5	26880	38	545	0	0	0	0	1	545	2903	10	0	399
114,	49	3	0	3	27039	39	378	0	0	0	0	1	378	1536	6	0	399
115,	49	6	0	6	27011	39	835	0	0	0	0	1	835	2511	12	0	399
116,	49	4	0	4	27110	39	1178	0	0	0	0	1	1178	1737	8	0	399
117,	49	4	0	4	27157	39	738	0	0	0	0	1	738	2288	8	0	399
118,	49	2	0	2	26799	39	78	0	0	0	0	1	78	1995	4	0	399
119,	49	2	0	2	26974	38	41	0	0	0	0	1	41	1913	4	0	399
120,	49	3	0	3	27001	38	428	0	0	0	0	1	428	2142	6	0	399
121,	49	3	0	3	26991	39	343	0	0	0	0	1	343	2425	6	0	399
122,	49	3	0	3	26905	38	649	0	0	0	0	1	649	1206	6	0	399
123,	49	4	2	6	26938	39	977	1	1	1	1	1	884	3486	12	93	398
124,	49	2	0	2	26900	39	351	0	0	0	0	1	351	1821	4	0	399
125,	49	7	0	7	26940	39	1064	0	0	0	0	1	1064	3986	14	0	399
126,	49	3	0	3	26933	39	374	0	0	0	0	1	374	1960	6	0	399
127,	49	4	0	4	26977	37	355	0	0	0	0	1	355	3153	8	0	399
128,	49	6	3	9	26949	39	1408	1	1	1	1	2	1190	6855	18	218	397
129,	49	3	0	3	26948	39	241	0	0	0	0	1	241	2667	6	0	399
130,	49	5	0	5	27057	37	818	0	0	0	0	1	818	3330	10	0	399
131,	49	3	4	7	26759	36	923	1	1	1	1	2	568	6793	14	355	397
132,	49	3	0	3	26970	39	282	0	0	0	0	1	282	2681	6	0	399
133,	49	9	0	9	27205	40	1620	0	0	0	0	1	1620	4310	18	0	399
134,	49	4	0	4	26960	39	239	0	0	0	0	1	239	2952	8	0	399
135,	49	2	0	2	26942	39	519	0	0	0	0	1	519	1971	4	0	399
136,	49	2	0	2	26945	39	565	0	0	0	0	1	565	1864	4	0	399
137,	49	3	0	3	26995	39	296	0	0	0	0	1	296	1942	6	0	399
138,	49	2	0	2	26937	39	50	0	0	0	0	1	50	2205	4	0	399
139,	49	2	0	2	26916	39	87	0	0	0	0	1	87	1636	4	0	399
140,	49	3	0	3	26920	39	411	0	0	0	0	1	411	1989	6	0	399
141,	49	4	0	4	27074	39	807	0	0	0	0	1	807	2067	8	0	399
142,	49	3	0	3	26971	37	220	0	0	0	0	1	220	2423	6	0	399
143,	49	2	0	2	26956	39	51	0	0	0	0	1	51	2313	4	0	399
144,	49	2	0	2	26945	38	105	0	0	0	0	1	105	2237	4	0	399
145,	49	5	0	5	26982	38	505	0	0	0	0	1	505	3186	10	0	399
146,	49	2	0	2	26934	39	332	0	0	0	0	1	332	1757	4	0	399
147,	49	2	0	2	26895	39	0	0	0	0	0	1	0	1387	4	0	399
148,	49	3	0	3	26907	39	579	0	0	0	0	1	579	2100	6	0	399
149,	49	8	0	8	27007	40	1278	0	0	0	0	1	1278	3410	16	0	399
150,	49	2	0	2	26975	38	46	0	0	0	0	1	46	2776	4	0	399
151,	49	2	0	2	26786	38	150	0	0	0	0	1	150	2048	4	0	399
152,	49	3	0	3	26997	39	440	0	0	0	0	1	440	2166	6	0	399
153,	49	2	0	2	26923	39	117	0	0	0	0	1	117	1550	4	0	399
154,	49	2	0	2	26962	38	46	0	0	0	0	1	46	2112	4	0	399
155,	49	2	0	2	26926	39	287	0	0	0	0	1	287	1765	4	0	399
156,	49	7	0	7	27123	39	1074	0	0	0	0	1	1074	2661	14	0	399
157,	49	2	0	2	26945	38	0	0	0	0	0	1	0	1382	4	0	399
158,	49	2	0	2	26966	38	143	0	0	0	0	1	143	2187	4	0	399
159,	49	2	0	2	26995	39	88	0	0	0	0	1	88	2449	4	0	399
160,	49	2	0	2	26961	38	99	0	0	0	0	1	99	2092	4	0	399
161,	49	4	0	4	27010	39	760	0	0	0	0	1	760	2754	8	0	399
162,	49	2	0	2	26939	39	136	0	0	0	0	1	136	2189	4	0	399
163,	49	4	0	4	26858	39	159	0	0	0	0	1	159	2150	8	0	399
164,	49	2	0	2	26973	38	168	0	0	0	0	1	168	2479	4	0	399
165,	49	2	0	2	26964	38	171	0	0	0	0	1	171	1262	4	0	399
166,	49	3	0	3	26972	38	261	0	0	0	0	1	261	2583	6	0	399
167,	49	5	0	5	27035	39	1247	0	0	0	0	1	1247	2334	10	0	399
168,	49	2	0	2	26822	38	159	0	0	0	0	1	159	2004	4	0	399
169,	49	3	0	3	26971	39	406	0	0	0	0	1	406	1350	6	0	399
170,	49	4	0	4	27014	40	765	0	0	0	0	1	765	1293	8	0	399
171,	49	4	0	4	26973	39	502	0	0	0	0	1	502	3044	8	0	399
172,	49	4	0	4	26974	38	275	0	0	0	0	1	275	2870	8	0	399
173,	49	5	0	5	27041	40	908	0	0	0	0	1	908	1842	10	0	399
174,	49	2	0	2	26979	39	105	0	0	0	0	1	105	2275	4	0	399
175,	49	2	0	2	26954	38	86	0	0	0	0	1	86	2154	4	0	399
176,	49	2	0	2	26925	38	0	0	0	0	0	1	0	1337	4	0	399
177,	49	2	0	2	26940	39	0	0	0	0	0	1	0	1576	4	0	399
178,	49	5	0	5	27016	38	1032	0	0	0	0	1	1032	3088	10	0	399
179,	49	2	0	2	26900	39	351	0	0	0	0	1	351	1821	4	0	399
180,	49	2	0	2	26942	39	115	0	0	0	0	1	115	2320	4	0	399
181,	49	3	0	3	26975	38	186	0	0	0	0	1	186	2501	6	0	399
182,	49	3	0	3	27052	39	328	0	0	0	0	1	328	1928	6	0	399
183,	49	4	0	4	26982	38	404	0	0	0	0	1	404	2598	8	0	399
184,	49	2	0	2	26950	39	0	0	0	0	0	1	0	2061	4	0	399
185,	49	2	0	2	26967	37	66	0	0	0	0	1	66	1888	4	0	399
186,	49	2	0	2	26955	39	441	0	0	0	0	1	441	2278	4	0	399
187,	49	3	0	3	26956	39	160	0	0	0	0	1	160	2566	6	0	399
188,	49	2	0	2	26990	39	201	0	0	0	0	1	201	1874	4	0	399
189,	49	2	0	2	26965	39	58	0	0	0	0	1	58	2025	4	0	399
190,	49	3	0	3	26964	39	169	0	0	0	0	1	169	2582	6	0	399
191,	49	3	0	3	26939	39	152	0	0	0	0	1	152	2268	6	0	399
192,	49	3	0	3	27010	38	366	0	0	0	0	1	366	2071	6	0	399
193,	49	2	0	2	26956	38	190	0	0	0	0	1	190	2336	4	0	399
194,	49	3	0	3	27017	39	1021	0	0	0	0	1	1021	2082	6	0	399
195,	49	2	0	2	26934	39	58	0	0	0	0	1	58	2193	4	0	399
196,	49	2	0	2	26946	39	4	0	0	0	0	1	4	1915	4	0	399
197,	49	3	0	3	27021	39	407	0	0	0	0	1	407	2052	6	0	399
198,	49	3	0	3	26983	38	177	0	0	0	0	1	177	2839	6	0	399
199,	49	3	0	3	26973	38	251	0	0	0	0	1	251	2507	6	0	399
200,	49	3	0	3	26923	39	551	0	0	0	0	1	551	2104	6	0	399
201,	49	2	0	2	26950	39	0	0	0	0	0	1	0	2061	4	0	399
202,	49	3	3	6	26523	38	800	1	1	1	1	2	546	5988	12	254	397
203,	49	2	0	2	26962	39	0	0	0	0	0	1	0	1774	4	0	399
204,	49	2	0	2	26924	39	565	0	0	0	0	1	565	1911	4	0	399
205,	49	2	0	2	26941	39	473	0	0	0	0	1	473	1789	4	0	399
206,	49	2	0	2	26955	39	46	0	0	0	0	1	46	1914	4	0	399
207,	49	4	0	4	27034	39	627	0	0	0	0	1	627	2334	8	0	399
208,	49	3	0	3	26954	38	178	0	0	0	0	1	178	2575	6	0	399
209,	49	2	0	2	26959	38	440	0	0	0	0	1	440	1648	4	0	399
210,	49	2	0	2	26925	38	259	0	0	0	0	1	259	1735	4	0	399
211,	49	3	0	3	26956	38	180	0	0	0	0	1	180	2649	6	0	399
212,	49	2	0	2	26943	39	86	0	0	0	0	1	86	2275	4	0	399
213,	49	4	0	4	27050	39	733	0	0	0	0	1	733	2668	8	0	399
214,	49	2	0	2	26982	39	302	0	0	0	0	1	302	2261	4	0	399
215,	49	2	0	2	26946	39	169	0	0	0	0	1	169	1558	4	0	399
216,	49	2	0	2	26955	39	240	0	0	0	0	1	240	1670	4	0	399
217,	48	4	3	9	26441	38	1235	2	2	1	1	2	991	8505	18	169	396
218,	49	2	0	2	26925	39	0	0	0	0	0	1	0	1499	4	0	399
219,	49	2	0	2	26857	38	17	0	0	0	0	1	17	1751	4	0	399
220,	49	4	4	8	26802	38	1423	1	1	1	1	2	1019	6632	16	404	397
221,	49	3	0	3	26973	38	153	0	0	0	0	1	153	1937	6	0	399
222,	49	2	0	2	26935	39	0	0	0	0	0	1	0	1456	4	0	399
223,	49	2	0	2	26933	39	483	0	0	0	0	1	483	1933	4	0	399
224,	49	5	0	5	27098	38	718	0	0	0	0	1	718	1506	10	0	399
225,	49	3	0	3	26948	39	394	0	0	0	0	1	394	1877	6	0	399
226,	49	3	0	3	26944	39	254	0	0	0	0	1	254	2464	6	0	399
227,	49	4	0	4	26968	40	323	0	0	0	0	1	323	2404	8	0	399
228,	49	2	0	2	26914	38	94	0	0	0	0	1	94	1628	4	0	399
229,	49	4	0	4	26967	39	194	0	0	0	0	1	194	2561	8	0	399
230,	49	3	0	3	26913	38	56	0	0	0	0	1	56	2299	6	0	399
231,	49	2	0	2	26896	39	77	0	0	0	0	1	77	1582	4	0	399
232,	49	2	0	2	26909	39	61	0	0	0	0	1	61	2141	4	0	399
233,	49	2	0	2	26914	39	370	0	0	0	0	1	370	1879	4	0	399
234,	49	2	0	2	26962	39	106	0	0	0	0	1	106	2305	4	0	399
235,	49	2	0	2	26987	39	66	0	0	0	0	1	66	1967	4	0	399
236,	49	2	3	5	26888	39	614	1	1	1	1	1	364	2756	10	250	398
237,	49	2	0	2	26929	39	0	0	0	0	0	1	0	1437	4	0	399
238,	49	5	0	5	27002	39	391	0	0	0	0	1	391	2791	10	0	399
239,	49	2	0	2	26969	39	217	0	0	0	0	1	217	1463	4	0	399
240,	49	2	0	2	26941	39	64	0	0	0	0	1	64	2185	4	0	399
241,	49	2	0	2	26977	39	200	0	0	0	0	1	200	2093	4	0	399
242,	49	2	0	2	26914	39	297	0	0	0	0	1	297	1833	4	0	399
243,	49	4	0	4	26956	38	346	0	0	0	0	1	346	2848	8	0	399
244,	49	2	0	2	26956	38	16	0	0	0	0	1	16	1998	4	0	399
245,	49	2	0	2	26935	39	63	0	0	0	0	1	63	1480	4	0	399
246,	49	2	0	2	26916	39	106	0	0	0	0	1	106	2249	4	0	399
247,	49	4	0	4	26977	39	352	0	0	0	0	1	352	2431	8	0	399
248,	49	2	0	2	26918	39	224	0	0	0	0	1	224	1719	4	0	399
249,	49	2	0	2	26919	38	318	0	0	0	0	1	318	1813	4	0	399
250,	49	2	0	2	26977	38	399	0	0	0	0	1	399	2251	4	0	399
251,	49	2	0	2	26912	39	167	0	0	0	0	1	167	1713	4	0	399
252,	49	2	0	2	27017	38	340	0	0	0	0	1	340	1851	4	0	399
253,	49	3	0	3	26970	38	367	0	0	0	0	1	367	1586	6	0	399
254,	49	3	0	3	26928	39	380	0	0	0	0	1	380	1831	6	0	399
255,	49	5	0	5	27203	41	1208	0	0	0	0	1	1208	1444	10	0	399
256,	49	3	0	3	26980	38	311	0	0	0	0	1	311	2541	6	0	399
257,	49	2	0	2	26970	38	12	0	0	0	0	1	12	2038	4	0	399
258,	49	2	0	2	26934	38	120	0	0	0	0	1	120	2590	4	0	399
259,	49	2	0	2	26941	39	0	0	0	0	0	1	0	1496	4	0	399
260,	49	3	0	3	26910	39	696	0	0	0	0	1	696	1965	6	0	399
261,	49	2	0	2	26958	38	88	0	0	0	0	1	88	2042	4	0	399
262,	49	4	0	4	26973	39	659	0	0	0	0	1	659	3153	8	0	399
263,	49	2	0	2	26932	39	564	0	0	0	0	1	564	1988	4	0	399
264,	49	2	0	2	26856	38	53	0	0	0	0	1	53	1840	4	0	399
265,	49	2	0	2	26932	38	307	0	0	0	0	1	307	1685	4	0	399
266,	49	3	0	3	26904	39	1217	0	0	0	0	1	1217	2527	6	0	399
267,	49	3	0	3	26918	39	453	0	0	0	0	1	453	2017	6	0	399
268,	49	2	0	2	26907	39	0	0	0	0	0	1	0	1592	4	0	399
269,	49	2	0	2	27006	40	391	0	0	0	0	1	391	1025	4	0	399
270,	49	2	0	2	26941	38	119	0	0	0	0	1	119	2479	4	0	399
271,	49	2	0	2	26921	39	223	0	0	0	0	1	223	1742	4	0	399
272,	49	2	0	2	26788	38	72	0	0	0	0	1	72	2008	4	0	399
273,	49	3	0	3	26977	39	443	0	0	0	0	1	443	1576	6	0	399
274,	49	3	0	3	26952	39	229	0	0	0	0	1	229	2738	6	0	399
275,	49	2	0	2	26910	39	0	0	0	0	0	1	0	1556	4	0	399
276,	49	2	0	2	26996	39	83	0	0	0	0	1	83	2418	4	0	399
277,	49	2	0	2	26985	38	183	0	0	0	0	1	183	3200	4	0	399
278,	49	2	0	2	26925	39	336	0	0	0	0	1	336	1771	4	0	399
279,	49	4	0	4	26975	39	214	0	0	0	0	1	214	2541	8	0	399
280,	49	2	0	2	26953	38	41	0	0	0	0	1	41	2144	4	0	399
281,	49	2	0	2	26945	39	43	0	0	0	0	1	43	2339	4	0	399
282,	49	4	0	4	26963	39	938	0	0	0	0	1	938	2197	8	0	399
283,	49	3	0	3	27069	40	695	0	0	0	0	1	695	1639	6	0	399
284,	49	2	0	2	26955	38	7	0	0	0	0	1	7	2213	4	0	399
285,	49	2	0	2	26931	39	6	0	0	0	0	1	6	2111	4	0	399
286,	49	3	0	3	26901	38	375	0	0	0	0	1	375	920	6	0	399
287,	49	2	0	2	26910	39	93	0	0	0	0	1	93	1649	4	0	399
288,	49	2	0	2	26969	39	136	0	0	0	0	1	136	2087	4	0	399
289,	49	2	0	2	26903	39	15	0	0	0	0	1	15	2161	4	0	399
290,	49	2	0	2	26956	39	92	0	0	0	0	1	92	2342	4	0	399
291,	49	2	0	2	26932	40	123	0	0	0	0	1	123	1508	4	0	399
292,	49	2	0	2	26962	38	63	0	0	0	0	1	63	2170	4	0	399
293,	49	2	0	2	26917	39	333	0	0	0	0	1	333	1736	4	0	399
294,	49	2	0	2	26911	38	90	0	0	0	0	1	90	3011	4	0	399
295,	49	2	0	2	26942	39	519	0	0	0	0	1	519	1971	4	0	399
296,	49	2	0	2	26988	39	0	0	0	0	0	1	0	1771	4	0	399
297,	49	2	0	2	26932	39	203	0	0	0	0	1	203	1724	4	0	399
298,	49	3	0	3	26937	38	192	0	0	0	0	1	192	2540	6	0	399
299,	49	2	0	2	26933	38	334	0	0	0	0	1	334	1468	4	0	399
300,	49	2	0	2	26932	39	67	0	0	0	0	1	67	2248	4	0	399
301,	49	3	0	3	27003	39	218	0	0	0	0	1	218	2464	6	0	399
302,	49	4	0	4	27000	39	623	0	0	0	0	1	623	3021	8	0	399
303,	49	2	0	2	26909	39	70	0	0	0	0	1	70	2879	4	0	399
304,	49	2	0	2	26937	38	80	0	0	0	0	1	80	2413	4	0	399
305,	49	2	0	2	26960	38	188	0	0	0	0	1	188	2355	4	0	399
306,	49	2	2	4	26967	37	600	1	1	1	1	1	457	2897	8	143	398
307,	49	2	0	2	26943	38	40	0	0	0	0	1	40	2465	4	0	399
308,	49	2	0	2	26937	38	0	0	0	0	0	1	0	1577	4	0	399
309,	49	2	0	2	26900	38	0	0	0	0	0	1	0	1991	4	0	399
310,	49	2	0	2	26978	39	68	0	0	0	0	1	68	1988	4	0	399
311,	49	2	0	2	26961	37	169	0	0	0	0	1	169	2403	4	0	399
312,	49	2	0	2	26970	39	249	0	0	0	0	1	249	2014	4	0	399
313,	49	2	0	2	26790	38	10	0	0	0	0	1	10	2050	4	0	399
314,	49	2	0	2	26946	39	92	0	0	0	0	1	92	2100	4	0	399
315,	49	3	0	3	26968	38	239	0	0	0	0	1	239	2634	6	0	399
316,	49	2	0	2	27001	39	304	0	0	0	0	1	304	1427	4	0	399
317,	49	2	0	2	26958	39	38	0	0	0	0	1	38	2513	4	0	399
318,	49	2	0	2	26931	39	496	0	0	0	0	1	496	1971	4	0	399
319,	49	2	0	2	26938	39	621	0	0	0	0	1	621	2083	4	0	399
320,	49	2	0	2	26936	38	84	0	0	0	0	1	84	2264	4	0	399
321,	49	2	0	2	26894	39	139	0	0	0	0	1	139	1618	4	0	399
322,	49	2	0	2	26919	38	75	0	0	0	0	1	75	2367	4	0	399
323,	49	2	0	2	26982	39	240	0	0	0	0	1	240	2200	4	0	399
324,	49	2	0	2	26937	39	55	0	0	0	0	1	55	2210	4	0	399
325,	49	3	0	3	26956	39	210	0	0	0	0	1	210	2581	6	0	399
326,	49	3	0	3	26933	38	86	0	0	0	0	1	86	2355	6	0	399
327,	49	2	0	2	26918	39	288	0	0	0	0	1	288	1776	4	0	399
328,	49	2	0	2	26964	39	145	0	0	0	0	1	145	1993	4	0	399
329,	49	2	0	2	26953	40	362	0	0	0	0	1	362	1535	4	0	399
330,	49	2	0	2	26951	38	38	0	0	0	0	1	38	2185	4	0	399
331,	49	2	0	2	26940	39	121	0	0	0	0	1	121	2171	4	0	399
332,	49	2	0	2	26943	38	59	0	0	0	0	1	59	1973	4	0	399
333,	49	2	0	2	26924	39	275	0	0	0	0	1	275	1827	4	0	399
334,	49	2	0	2	26924	39	275	0	0	0	0	1	275	1827	4	0	399
335,	49	2	0	2	26976	38	165	0	0	0	0	1	165	2354	4	0	399
336,	49	3	0	3	26976	38	242	0	0	0	0	1	242	2324	6	0	399
337,	49	2	0	2	26877	39	56	0	0	0	0	1	56	2774	4	0	399
338,	49	2	0	2	26947	39	0	0	0	0	0	1	0	1409	4	0	399
339,	49	2	0	2	26945	39	28	0	0	0	0	1	28	2034	4	0	399
340,	49	2	0	2	26959	39	153	0	0	0	0	1	153	2040	4	0	399
341,	49	2	0	2	26954	38	8	0	0	0	0	1	8	2116	4	0	399
342,	49	2	0	2	26949	38	55	0	0	0	0	1	55	2114	4	0	399
343,	49	2	0	2	26894	39	295	0	0	0	0	1	295	1730	4	0	399
344,	49	2	0	2	26946	39	60	0	0	0	0	1	60	2207	4	0	399
345,	49	2	2	4	26934	38	210	1	1	1	1	1	164	4690	8	46	398
346,	49	3	2	9	26653	37	1066	2	2	1	1	2	586	8288	16	134	396
347,	49	2	0	2	26931	39	60	0	0	0	0	1	60	2081	4	0	399
348,	49	2	0	2	26970	39	131	0	0	0	0	1	131	2157	4	0	399
349,	49	2	0	2	26910	39	146	0	0	0	0	1	146	1713	4	0	399
350,	49	2	0	2	26948	39	301	0	0	0	0	1	301	1685	4	0	399
351,	49	2	0	2	26966	38	108	0	0	0	0	1	108	2238	4	0	399
352,	49	2	0	2	26945	38	34	0	0	0	0	1	34	1869	4	0	399
353,	49	2	0	2	26914	39	282	0	0	0	0	1	282	1668	4	0	399
354,	49	2	0	2	26965	39	120	0	0	0	0	1	120	2113	4	0	399
355,	49	2	0	2	26914	39	147	0	0	0	0	1	147	2968	4	0	399
356,	49	2	0	2	26946	39	7	0	0	0	0	1	7	1926	4	0	399
357,	49	2	0	2	26971	39	64	0	0	0	0	1	64	3060	4	0	399
358,	49	2	0	2	26933	39	103	0	0	0	0	1	103	2076	4	0	399
359,	49	2	0	2	26937	39	41	0	0	0	0	1	41	2211	4	0	399
360,	49	2	0	2	26919	39	0	0	0	0	0	1	0	1430	4	0	399
361,	49	2	0	2	26912	39	102	0	0	0	0	1	102	2839	4	0	399
362,	49	2	0	2	26969	39	120	0	0	0	0	1	120	2220	4	0	399
363,	49	2	0	2	26779	38	0	0	0	0	0	1	0	1883	4	0	399
364,	49	2	0	2	26969	38	98	0	0	0	0	1	98	3345	4	0	399
365,	49	2	0	2	26969	39	48	0	0	0	0	1	48	1758	4	0	399
366,	49	2	0	2	26965	38	0	0	0	0	0	1	0	2029	4	0	399
367,	49	2	0	2	26894	39	0	0	0	0	0	1	0	1472	4	0	399
368,	49	2	0	2	26916	37	112	0	0	0	0	1	112	2304	4	0	399
369,	49	2	0	2	26951	38	38	0	0	0	0	1	38	2135	4	0	399
370,	49	2	0	2	26934	38	480	0	0	0	0	1	480	1843	4	0	399
371,	49	2	0	2	26900	39	308	0	0	0	0	1	308	1724	4	0	399
372,	49	2	0	2	26954	39	112	0	0	0	0	1	112	2221	4	0	399
373,	49	2	0	2	26941	39	111	0	0	0	0	1	111	2044	4	0	399
374,	49	2	0	2	26982	39	149	0	0	0	0	1	149	2162	4	0	399
375,	49	3	0	3	26856	38	59	0	0	0	0	1	59	1952	6	0	399
376,	49	2	0	2	26945	38	134	0	0	0	0	1	134	2068	4	0	399
377,	49	2	0	2	26962	39	103	0	0	0	0	1	103	2902	4	0	399
378,	49	2	0	2	26962	39	81	0	0	0	0	1	81	2072	4	0	399
379,	49	2	0	2	26973	39	22	0	0	0	0	1	22	2823	4	0	399
380,	49	2	0	2	26951	38	89	0	0	0	0	1	89	2133	4	0	399
381,	49	2	0	2	26932	39	5	0	0	0	0	1	5	2324	4	0	399
382,	49	2	0	2	26922	39	0	0	0	0	0	1	0	1567	4	0	399
383,	49	2	0	2	26955	38	182	0	0	0	0	1	182	2074	4	0	399
384,	49	2	0	2	26935	38	73	0	0	0	0	1	73	2610	4	0	399
385,	49	2	0	2	26924	38	328	0	0	0	0	1	328	1797	4	0	399
386,	49	2	0	2	26962	39	47	0	0	0	0	1	47	2112	4	0	399
387,	49	2	0	2	26901	39	578	0	0	0	0	1	578	1996	4	0	399
388,	49	2	0	2	26923	39	275	0	0	0	0	1	275	1816	4	0	399
389,	49	2	0	2	26766	38	219	0	0	0	0	1	219	2294	4	0	399
390,	49	2	0	2	26982	39	83	0	0	0	0	1	83	2658	4	0	399
391,	49	2	0	2	26931	39	230	0	0	0	0	1	230	1757	4	0	399
392,	49	3	0	3	26950	39	288	0	0	0	0	1	288	2345	6	0	399
393,	49	2	0	2	26976	39	168	0	0	0	0	1	168	1391	4	0	399
394,	49	2	0	2	26966	38	12	0	0	0	0	1	12	2027	4	0	399
395,	49	2	0	2	26950	38	136	0	0	0	0	1	136	2542	4	0	399
396,	49	2	4	6	26793	39	574	1	1	1	1	1	335	3914	12	239	398
397,	49	2	0	2	26989	39	218	0	0	0	0	1	218	2303	4	0	399
398,	49	2	0	2	26943	39	94	0	0	0	0	1	94	2148	4	0	399
399,	49	2	0	2	26900	39	308	0	0	0	0	1	308	1724	4	0	399
